<FIELDS>
    u    v    w    p
</FIELDS>

<TOKENS>
KINVIS      = 0.01
D_T         = 0.01
N_STEP      = 100
CYLINDRICAL = 0
CHKPOINT    = 1
N_TIME      = 2
Lz          = 10
N_P         = 9
N_Z         = 24
IO_CFL      = 20
IO_FLD      = N_STEP
</TOKENS>

<USER>
    u = 0.0
    v = 0.0
    w = 0.0
    p = 0.0
</USER>

<GROUPS NUMBER=2>
   1       M            wall
   2       W            wall
</GROUPS>

<BCS NUMBER=2>    
   1   M    4
    <D> u = 0.0     </D>
    <D> v = 0.0     </D>
    <D> w = 0.0     </D>
    <H> p = 0.0     </H>
    
   2   W    4
    <D> u = 0.0     </D>
    <D> v = 0.0     </D>
    <D> w = 0.0     </D>
    <H> p = 0.0     </H>
</BCS>

<NODES NUMBER=168>
     1 -1.0606613e+01 -1.0606627e+01 0.000000
     2 -7.9978975e+00 -7.9978970e+00 0.000000
     3 -1.3856307e+01 -5.7397349e+00 0.000000
     4 -1.0448318e+01 -4.3280307e+00 0.000000
     5 -6.0487932e+00 -6.0487815e+00 0.000000
     6 -7.9020348e+00 -3.2732739e+00 0.000000
     7 -4.5925168e+00 -4.5924968e+00 0.000000
     8 -5.9995747e+00 -2.4852106e+00 0.000000
     9 -3.5044575e+00 -3.5044313e+00 0.000000
    10 -4.5781485e+00 -1.8964077e+00 0.000000
    11 -2.6915123e+00 -2.6914814e+00 0.000000
    12 -3.5161276e+00 -1.4564827e+00 0.000000
    13 -2.0841189e+00 -2.0840846e+00 0.000000
    14 -2.7226369e+00 -1.1277920e+00 0.000000
    15 -1.6303040e+00 -1.6302671e+00 0.000000
    16 -2.1297790e+00 -8.8221023e-01 0.000000
    17 -1.2912354e+00 -1.2911966e+00 0.000000
    18 -1.6868242e+00 -6.9872338e-01 0.000000
    19 -1.0378998e+00 -1.0378595e+00 0.000000
    20 -1.3558698e+00 -5.6163088e-01 0.000000
    21 -8.4861963e-01 -8.4857830e-01 0.000000
    22 -1.1085967e+00 -4.5920199e-01 0.000000
    23 -7.0719868e-01 -7.0715654e-01 0.000000
    24 -9.2384615e-01 -3.8267207e-01 0.000000
    25 -1.4998278e+01 -1.3072474e-04 0.000000
    26 -1.1309425e+01 -1.0011776e-04 0.000000
    27 -8.5532921e+00 -7.7249703e-05 0.000000
    28 -6.4940423e+00 -6.0163796e-05 0.000000
    29 -4.9554703e+00 -4.7398032e-05 0.000000
    30 -3.8059237e+00 -3.7860069e-05 0.000000
    31 -2.9470379e+00 -3.0733765e-05 0.000000
    32 -2.3053200e+00 -2.5409337e-05 0.000000
    33 -1.8258593e+00 -2.1431183e-05 0.000000
    34 -1.4676295e+00 -1.8458901e-05 0.000000
    35 -1.1999774e+00 -1.6238159e-05 0.000000
    36 -1.0000008e+00 -1.4578931e-05 0.000000
    37 -1.3855790e+01  5.7393706e+00 0.000000
    38 -1.0447957e+01  4.3277592e+00 0.000000
    39 -7.9017860e+00  3.2730706e+00 0.000000
    40 -5.9994103e+00  2.4850582e+00 0.000000
    41 -4.5780469e+00  1.8962933e+00 0.000000
    42 -3.5160728e+00  1.4563966e+00 0.000000
    43 -2.7226170e+00  1.1277270e+00 0.000000
    44 -2.1297851e+00  8.8216095e-01 0.000000
    45 -1.6868497e+00  6.9868585e-01 0.000000
    46 -1.3559098e+00  5.6160210e-01 0.000000
    47 -1.1086475e+00  4.5917974e-01 0.000000
    48 -9.2390495e-01  3.8265470e-01 0.000000
    49 -1.0606598e+01  1.0606598e+01 0.000000
    50 -7.9978719e+00  7.9978526e+00 0.000000
    51 -6.0487551e+00  6.0487213e+00 0.000000
    52 -4.5924690e+00  4.5924244e+00 0.000000
    53 -3.5044023e+00  3.5043496e+00 0.000000
    54 -2.6914512e+00  2.6913925e+00 0.000000
    55 -2.0840534e+00  2.0839902e+00 0.000000
    56 -1.6302351e+00  1.6301685e+00 0.000000
    57 -1.2911639e+00  1.2910948e+00 0.000000
    58 -1.0378263e+00  1.0377553e+00 0.000000
    59 -8.4854459e-01  8.4847220e-01 0.000000
    60 -7.0712245e-01  7.0704901e-01 0.000000
    61 -3.8818365e+00 -1.4487382e+01 0.000000
    62 -2.9270696e+00 -1.0924143e+01 0.000000
    63 -2.2137140e+00 -8.2618639e+00 0.000000
    64 -1.6807292e+00 -6.2727374e+00 0.000000
    65 -1.2825087e+00 -4.7865582e+00 0.000000
    66 -9.8497764e-01 -3.6761570e+00 0.000000
    67 -7.6267678e-01 -2.8465189e+00 0.000000
    68 -5.9658433e-01 -2.2266534e+00 0.000000
    69 -4.7248808e-01 -1.7635198e+00 0.000000
    70 -3.7976936e-01 -1.4174888e+00 0.000000
    71 -3.1049441e-01 -1.1589512e+00 0.000000
    72 -2.5873552e-01 -9.6578437e-01 0.000000
    73  3.8818809e+00 -1.4487769e+01 0.000000
    74  2.9271542e+00 -1.0924504e+01 0.000000
    75  2.2138282e+00 -8.2622029e+00 0.000000
    76  1.6808655e+00 -6.2730602e+00 0.000000
    77  1.2826615e+00 -4.7868688e+00 0.000000
    78  9.8514271e-01 -3.6764584e+00 0.000000
    79  7.6285104e-01 -2.8468134e+00 0.000000
    80  5.9676543e-01 -2.2269427e+00 0.000000
    81  4.7267429e-01 -1.7638053e+00 0.000000
    82  3.7995938e-01 -1.4177713e+00 0.000000
    83  3.1068728e-01 -1.1592315e+00 0.000000
    84  2.5893051e-01 -9.6606300e-01 0.000000
    85  1.0606612e+01 -1.0606593e+01 0.000000
    86  7.9978276e+00 -7.9977548e+00 0.000000
    87  6.0486679e+00 -6.0485547e+00 0.000000
    88  4.5923498e+00 -4.5922064e+00 0.000000
    89  3.5042592e+00 -3.5040933e+00 0.000000
    90  2.6912905e+00 -2.6911076e+00 0.000000
    91  2.0838794e+00 -2.0836840e+00 0.000000
    92  1.6300512e+00 -1.6298463e+00 0.000000
    93  1.2909727e+00 -1.2907607e+00 0.000000
    94  1.0376295e+00 -1.0374124e+00 0.000000
    95  8.4834378e-01 -8.4812266e-01 0.000000
    96  7.0691860e-01 -7.0669454e-01 0.000000
    97 -3.8818106e+00  1.4486490e+01 0.000000
    98 -2.9270967e+00  1.0923550e+01 0.000000
    99 -2.2137781e+00  8.2614849e+00 0.000000
   100 -1.6808192e+00  6.2725122e+00 0.000000
   101 -1.2826169e+00  4.7864433e+00 0.000000
   102 -9.8509850e-01  3.6761211e+00 0.000000
   103 -7.6280643e-01  2.8465394e+00 0.000000
   104 -5.9672003e-01  2.2267142e+00 0.000000
   105 -4.7262791e-01  1.7636093e+00 0.000000
   106 -3.7991199e-01  1.4175987e+00 0.000000
   107 -3.1063893e-01  1.1590754e+00 0.000000
   108 -2.5888129e-01  9.6591878e-01 0.000000
   109  3.8820329e+00  1.4488813e+01 0.000000
   110  2.9272364e+00  1.0925288e+01 0.000000
   111  2.2138544e+00  8.2627799e+00 0.000000
   112  1.6808467e+00  6.2734703e+00 0.000000
   113  1.2826067e+00  4.7871455e+00 0.000000
   114  9.8505929e-01  3.6766287e+00 0.000000
   115  7.6274489e-01  2.8468993e+00 0.000000
   116  5.9664131e-01  2.2269618e+00 0.000000
   117  4.7253601e-01  1.7637718e+00 0.000000
   118  3.7980996e-01  1.4176965e+00 0.000000
   119  3.1052913e-01  1.1591242e+00 0.000000
   120  2.5876553e-01  9.6593031e-01 0.000000
   121  1.0605955e+01  1.0605951e+01 0.000000
   122  7.9974353e+00  7.9974329e+00 0.000000
   123  6.0484602e+00  6.0484583e+00 0.000000
   124  4.5922671e+00  4.5922658e+00 0.000000
   125  3.5042604e+00  3.5042594e+00 0.000000
   126  2.6913471e+00  2.6913463e+00 0.000000
   127  2.0839722e+00  2.0839716e+00 0.000000
   128  1.6301669e+00  1.6301665e+00 0.000000
   129  1.2911026e+00  1.2911023e+00 0.000000
   130  1.0377678e+00  1.0377676e+00 0.000000
   131  8.4848662e-01  8.4848646e-01 0.000000
   132  7.0706362e-01  7.0706350e-01 0.000000
   133  1.3857384e+01 -5.7400071e+00 0.000000
   134  1.0449133e+01 -4.3281875e+00 0.000000
   135  7.9026446e+00 -3.2733412e+00 0.000000
   136  6.0000275e+00 -2.4852092e+00 0.000000
   137  4.5784807e+00 -1.8963537e+00 0.000000
   138  3.5163672e+00 -1.4563883e+00 0.000000
   139  2.7228055e+00 -1.1276667e+00 0.000000
   140  2.1298932e+00 -8.8206117e-01 0.000000
   141  1.6868967e+00 -6.9855620e-01 0.000000
   142  1.3559104e+00 -5.6144985e-01 0.000000
   143  1.1086129e+00 -4.5901037e-01 0.000000
   144  9.2384370e-01 -3.8247236e-01 0.000000
   145  1.5000000e+01 -1.8041303e-04 0.000000
   146  1.1310733e+01 -1.0114519e-04 0.000000
   147  8.5542781e+00 -4.1919754e-05 0.000000
   148  6.4947792e+00  2.3308696e-06 0.000000
   149  4.9560143e+00  3.5392963e-05 0.000000
   150  3.8063183e+00  6.0095464e-05 0.000000
   151  2.9473172e+00  7.8552019e-05 0.000000
   152  2.3055102e+00  9.2341847e-05 0.000000
   153  1.8259808e+00  1.0264487e-04 0.000000
   154  1.4676981e+00  1.1034266e-04 0.000000
   155  1.2000053e+00  1.1609391e-04 0.000000
   156  9.9999730e-01  1.2039076e-04 0.000000
   157  1.3857047e+01  5.7395792e+00 0.000000
   158  1.0448902e+01  4.3279469e+00 0.000000
   159  7.9024847e+00  3.2732369e+00 0.000000
   160  5.9999121e+00  2.4852032e+00 0.000000
   161  4.5783922e+00  1.8964186e+00 0.000000
   162  3.5162942e+00  1.4565043e+00 0.000000
   163  2.7227405e+00  1.1278193e+00 0.000000
   164  2.1298316e+00  8.8224018e-01 0.000000
   165  1.6868357e+00  6.9875408e-01 0.000000
   166  1.3558484e+00  5.6166121e-01 0.000000
   167  1.1085490e+00  4.5923136e-01 0.000000
   168  9.2377766e-01  3.8270021e-01 0.000000
</NODES>

<ELEMENTS NUMBER=154>
     1 <Q>    1   2   4   3 </Q>
     2 <Q>    4   2   5   6 </Q>
     3 <Q>    6   5   7   8 </Q>
     4 <Q>    8   7   9  10 </Q>
     5 <Q>   10   9  11  12 </Q>
     6 <Q>   12  11  13  14 </Q>
     7 <Q>   14  13  15  16 </Q>
     8 <Q>   16  15  17  18 </Q>
     9 <Q>   18  17  19  20 </Q>
    10 <Q>   20  19  21  22 </Q>
    11 <Q>   24  22  21  23 </Q>
    12 <Q>    3   4  26  25 </Q>
    13 <Q>   26   4   6  27 </Q>
    14 <Q>   27   6   8  28 </Q>
    15 <Q>   28   8  10  29 </Q>
    16 <Q>   29  10  12  30 </Q>
    17 <Q>   30  12  14  31 </Q>
    18 <Q>   31  14  16  32 </Q>
    19 <Q>   32  16  18  33 </Q>
    20 <Q>   33  18  20  34 </Q>
    21 <Q>   34  20  22  35 </Q>
    22 <Q>   36  35  22  24 </Q>
    23 <Q>   25  26  38  37 </Q>
    24 <Q>   38  26  27  39 </Q>
    25 <Q>   39  27  28  40 </Q>
    26 <Q>   40  28  29  41 </Q>
    27 <Q>   41  29  30  42 </Q>
    28 <Q>   42  30  31  43 </Q>
    29 <Q>   43  31  32  44 </Q>
    30 <Q>   44  32  33  45 </Q>
    31 <Q>   45  33  34  46 </Q>
    32 <Q>   46  34  35  47 </Q>
    33 <Q>   48  47  35  36 </Q>
    34 <Q>   37  38  50  49 </Q>
    35 <Q>   50  38  39  51 </Q>
    36 <Q>   51  39  40  52 </Q>
    37 <Q>   52  40  41  53 </Q>
    38 <Q>   53  41  42  54 </Q>
    39 <Q>   54  42  43  55 </Q>
    40 <Q>   55  43  44  56 </Q>
    41 <Q>   56  44  45  57 </Q>
    42 <Q>   57  45  46  58 </Q>
    43 <Q>   58  46  47  59 </Q>
    44 <Q>   60  59  47  48 </Q>
    45 <Q>   62   2   1  61 </Q>
    46 <Q>    5   2  62  63 </Q>
    47 <Q>    7   5  63  64 </Q>
    48 <Q>    9   7  64  65 </Q>
    49 <Q>   11   9  65  66 </Q>
    50 <Q>   13  11  66  67 </Q>
    51 <Q>   15  13  67  68 </Q>
    52 <Q>   17  15  68  69 </Q>
    53 <Q>   19  17  69  70 </Q>
    54 <Q>   21  19  70  71 </Q>
    55 <Q>   23  21  71  72 </Q>
    56 <Q>   74  62  61  73 </Q>
    57 <Q>   63  62  74  75 </Q>
    58 <Q>   64  63  75  76 </Q>
    59 <Q>   65  64  76  77 </Q>
    60 <Q>   66  65  77  78 </Q>
    61 <Q>   67  66  78  79 </Q>
    62 <Q>   68  67  79  80 </Q>
    63 <Q>   69  68  80  81 </Q>
    64 <Q>   70  69  81  82 </Q>
    65 <Q>   71  70  82  83 </Q>
    66 <Q>   72  71  83  84 </Q>
    67 <Q>   86  74  73  85 </Q>
    68 <Q>   75  74  86  87 </Q>
    69 <Q>   76  75  87  88 </Q>
    70 <Q>   77  76  88  89 </Q>
    71 <Q>   78  77  89  90 </Q>
    72 <Q>   79  78  90  91 </Q>
    73 <Q>   80  79  91  92 </Q>
    74 <Q>   81  80  92  93 </Q>
    75 <Q>   82  81  93  94 </Q>
    76 <Q>   83  82  94  95 </Q>
    77 <Q>   84  83  95  96 </Q>
    78 <Q>   49  50  98  97 </Q>
    79 <Q>   98  50  51  99 </Q>
    80 <Q>   99  51  52 100 </Q>
    81 <Q>  100  52  53 101 </Q>
    82 <Q>  101  53  54 102 </Q>
    83 <Q>  102  54  55 103 </Q>
    84 <Q>  103  55  56 104 </Q>
    85 <Q>  104  56  57 105 </Q>
    86 <Q>  105  57  58 106 </Q>
    87 <Q>  106  58  59 107 </Q>
    88 <Q>  108 107  59  60 </Q>
    89 <Q>   97  98 110 109 </Q>
    90 <Q>  110  98  99 111 </Q>
    91 <Q>  111  99 100 112 </Q>
    92 <Q>  112 100 101 113 </Q>
    93 <Q>  113 101 102 114 </Q>
    94 <Q>  114 102 103 115 </Q>
    95 <Q>  115 103 104 116 </Q>
    96 <Q>  116 104 105 117 </Q>
    97 <Q>  117 105 106 118 </Q>
    98 <Q>  118 106 107 119 </Q>
    99 <Q>  120 119 107 108 </Q>
   100 <Q>  109 110 122 121 </Q>
   101 <Q>  122 110 111 123 </Q>
   102 <Q>  123 111 112 124 </Q>
   103 <Q>  124 112 113 125 </Q>
   104 <Q>  125 113 114 126 </Q>
   105 <Q>  126 114 115 127 </Q>
   106 <Q>  127 115 116 128 </Q>
   107 <Q>  128 116 117 129 </Q>
   108 <Q>  129 117 118 130 </Q>
   109 <Q>  130 118 119 131 </Q>
   110 <Q>  132 131 119 120 </Q>
   111 <Q>  134  86  85 133 </Q>
   112 <Q>   87  86 134 135 </Q>
   113 <Q>   88  87 135 136 </Q>
   114 <Q>   89  88 136 137 </Q>
   115 <Q>   90  89 137 138 </Q>
   116 <Q>   91  90 138 139 </Q>
   117 <Q>   92  91 139 140 </Q>
   118 <Q>   93  92 140 141 </Q>
   119 <Q>   94  93 141 142 </Q>
   120 <Q>   95  94 142 143 </Q>
   121 <Q>   96  95 143 144 </Q>
   122 <Q>  146 134 133 145 </Q>
   123 <Q>  135 134 146 147 </Q>
   124 <Q>  136 135 147 148 </Q>
   125 <Q>  137 136 148 149 </Q>
   126 <Q>  138 137 149 150 </Q>
   127 <Q>  139 138 150 151 </Q>
   128 <Q>  140 139 151 152 </Q>
   129 <Q>  141 140 152 153 </Q>
   130 <Q>  142 141 153 154 </Q>
   131 <Q>  143 142 154 155 </Q>
   132 <Q>  144 143 155 156 </Q>
   133 <Q>  158 146 145 157 </Q>
   134 <Q>  147 146 158 159 </Q>
   135 <Q>  148 147 159 160 </Q>
   136 <Q>  149 148 160 161 </Q>
   137 <Q>  150 149 161 162 </Q>
   138 <Q>  151 150 162 163 </Q>
   139 <Q>  152 151 163 164 </Q>
   140 <Q>  153 152 164 165 </Q>
   141 <Q>  154 153 165 166 </Q>
   142 <Q>  155 154 166 167 </Q>
   143 <Q>  156 155 167 168 </Q>
   144 <Q>  157 121 122 158 </Q>
   145 <Q>  158 122 123 159 </Q>
   146 <Q>  159 123 124 160 </Q>
   147 <Q>  160 124 125 161 </Q>
   148 <Q>  161 125 126 162 </Q>
   149 <Q>  162 126 127 163 </Q>
   150 <Q>  163 127 128 164 </Q>
   151 <Q>  164 128 129 165 </Q>
   152 <Q>  165 129 130 166 </Q>
   153 <Q>  166 130 131 167 </Q>
   154 <Q>  167 131 132 168 </Q>
</ELEMENTS>

<SURFACES NUMBER=28>
   1  44   4 <B> M </B>
   2  33   4 <B> M </B>
   3 121   4 <B> M </B>
   4  11   4 <B> M </B>
   5  99   4 <B> M </B>
   6 143   4 <B> M </B>
   7  77   4 <B> M </B>
   8  88   4 <B> M </B>
   9  55   4 <B> M </B>
  10 154   3 <B> M </B>
  11 110   4 <B> M </B>
  12  22   4 <B> M </B>
  13  66   4 <B> M </B>
  14 132   4 <B> M </B>
  15  78   4 <B> W </B>
  16 122   3 <B> W </B>
  17 133   3 <B> W </B>
  18  56   3 <B> W </B>
  19  34   4 <B> W </B>
  20 144   1 <B> W </B>
  21  12   4 <B> W </B>
  22 100   4 <B> W </B>
  23   1   4 <B> W </B>
  24  89   4 <B> W </B>
  25  45   3 <B> W </B>
  26  67   3 <B> W </B>
  27 111   3 <B> W </B>
  28  23   4 <B> W </B>
</SURFACES>

<CURVES NUMBER=364>
   1    45     3 <ARC>     15.0000000 </ARC>
   2    45     1 <ARC>    -11.3101141 </ARC>
   3    46     2 <ARC>     11.3101141 </ARC>
   4    46     4 <ARC>     -8.5537881 </ARC>
   5    47     2 <ARC>      8.5537881 </ARC>
   6    47     4 <ARC>     -6.4943946 </ARC>
   7    48     2 <ARC>      6.4943946 </ARC>
   8    48     4 <ARC>     -4.9557154 </ARC>
   9    49     2 <ARC>      4.9557154 </ARC>
  10    49     4 <ARC>     -3.8060886 </ARC>
  11    50     2 <ARC>      3.8060886 </ARC>
  12    50     4 <ARC>     -2.9471432 </ARC>
  13    51     2 <ARC>      2.9471432 </ARC>
  14    56     3 <ARC>     15.0000000 </ARC>
  15    56     1 <ARC>    -11.3096786 </ARC>
  16    57     2 <ARC>     11.3096786 </ARC>
  17    57     4 <ARC>     -8.5534776 </ARC>
  18    58     2 <ARC>      8.5534776 </ARC>
  19    58     4 <ARC>     -6.4941773 </ARC>
  20    59     2 <ARC>      6.4941773 </ARC>
  21    59     4 <ARC>     -4.9555677 </ARC>
  22    60     2 <ARC>      4.9555677 </ARC>
  23    60     4 <ARC>     -3.8059929 </ARC>
  24    61     2 <ARC>      3.8059929 </ARC>
  25    61     4 <ARC>     -2.9470862 </ARC>
  26    62     2 <ARC>      2.9470862 </ARC>
  27    67     3 <ARC>     15.0000000 </ARC>
  28    67     1 <ARC>    -11.3102242 </ARC>
  29    68     2 <ARC>     11.3102242 </ARC>
  30    68     4 <ARC>     -8.5538421 </ARC>
  31    69     2 <ARC>      8.5538421 </ARC>
  32    69     4 <ARC>     -6.4944064 </ARC>
  33    70     2 <ARC>      6.4944064 </ARC>
  34    70     4 <ARC>     -4.9556955 </ARC>
  35    71     2 <ARC>      4.9556955 </ARC>
  36    71     4 <ARC>     -3.8060450 </ARC>
  37    72     2 <ARC>      3.8060450 </ARC>
  38    72     4 <ARC>     -2.9470816 </ARC>
  39    73     2 <ARC>      2.9470816 </ARC>
  40     1     4 <ARC>     15.0000000 </ARC>
  41     1     2 <ARC>    -11.3099940 </ARC>
  42     2     1 <ARC>     11.3099940 </ARC>
  43     2     3 <ARC>     -8.5537165 </ARC>
  44     3     1 <ARC>      8.5537165 </ARC>
  45     3     3 <ARC>     -6.4943593 </ARC>
  46     4     1 <ARC>      6.4943593 </ARC>
  47     4     3 <ARC>     -4.9557072 </ARC>
  48     5     1 <ARC>      4.9557072 </ARC>
  49     5     3 <ARC>     -3.8061007 </ARC>
  50     6     1 <ARC>      3.8061007 </ARC>
  51     6     3 <ARC>     -2.9471704 </ARC>
  52     7     1 <ARC>      2.9471704 </ARC>
  53    12     4 <ARC>     15.0000000 </ARC>
  54    12     2 <ARC>    -11.3093394 </ARC>
  55    13     1 <ARC>     11.3093394 </ARC>
  56    13     3 <ARC>     -8.5532240 </ARC>
  57    14     1 <ARC>      8.5532240 </ARC>
  58    14     3 <ARC>     -6.4939878 </ARC>
  59    15     1 <ARC>      6.4939878 </ARC>
  60    15     3 <ARC>     -4.9554259 </ARC>
  61    16     1 <ARC>      4.9554259 </ARC>
  62    16     3 <ARC>     -3.8058869 </ARC>
  63    17     1 <ARC>      3.8058869 </ARC>
  64    17     3 <ARC>     -2.9470069 </ARC>
  65    18     1 <ARC>      2.9470069 </ARC>
  66    23     4 <ARC>     15.0000000 </ARC>
  67    23     2 <ARC>    -11.3091202 </ARC>
  68    24     1 <ARC>     11.3091202 </ARC>
  69    24     3 <ARC>     -8.5530702 </ARC>
  70    25     1 <ARC>      8.5530702 </ARC>
  71    25     3 <ARC>     -6.4938826 </ARC>
  72    26     1 <ARC>      6.4938826 </ARC>
  73    26     3 <ARC>     -4.9553571 </ARC>
  74    27     1 <ARC>      4.9553571 </ARC>
  75    27     3 <ARC>     -3.8058451 </ARC>
  76    28     1 <ARC>      3.8058451 </ARC>
  77    28     3 <ARC>     -2.9469852 </ARC>
  78    29     1 <ARC>      2.9469852 </ARC>
  79    34     4 <ARC>     15.0000000 </ARC>
  80    34     2 <ARC>    -11.3097501 </ARC>
  81    35     1 <ARC>     11.3097501 </ARC>
  82    35     3 <ARC>     -8.5535280 </ARC>
  83    36     1 <ARC>      8.5535280 </ARC>
  84    36     3 <ARC>     -6.4942117 </ARC>
  85    37     1 <ARC>      6.4942117 </ARC>
  86    37     3 <ARC>     -4.9555899 </ARC>
  87    38     1 <ARC>      4.9555899 </ARC>
  88    38     3 <ARC>     -3.8060060 </ARC>
  89    39     1 <ARC>      3.8060060 </ARC>
  90    39     3 <ARC>     -2.9470923 </ARC>
  91    40     1 <ARC>      2.9470923 </ARC>
  92   111     3 <ARC>     15.0000000 </ARC>
  93   111     1 <ARC>    -11.3103251 </ARC>
  94   112     2 <ARC>     11.3103251 </ARC>
  95   112     4 <ARC>     -8.5538866 </ARC>
  96   113     2 <ARC>      8.5538866 </ARC>
  97   113     4 <ARC>     -6.4944065 </ARC>
  98   114     2 <ARC>      6.4944065 </ARC>
  99   114     4 <ARC>     -4.9556607 </ARC>
 100   115     2 <ARC>      4.9556607 </ARC>
 101   115     4 <ARC>     -3.8059828 </ARC>
 102   116     2 <ARC>      3.8059828 </ARC>
 103   116     4 <ARC>     -2.9469980 </ARC>
 104   117     2 <ARC>      2.9469980 </ARC>
 105   122     3 <ARC>     15.0000000 </ARC>
 106   122     1 <ARC>    -11.3103990 </ARC>
 107   123     2 <ARC>     11.3103990 </ARC>
 108   123     4 <ARC>     -8.5540116 </ARC>
 109   124     2 <ARC>      8.5540116 </ARC>
 110   124     4 <ARC>     -6.4945651 </ARC>
 111   125     2 <ARC>      6.4945651 </ARC>
 112   125     4 <ARC>     -4.9558410 </ARC>
 113   126     2 <ARC>      4.9558410 </ARC>
 114   126     4 <ARC>     -3.8061769 </ARC>
 115   127     2 <ARC>      3.8061769 </ARC>
 116   127     4 <ARC>     -2.9472004 </ARC>
 117   128     2 <ARC>      2.9472004 </ARC>
 118   133     3 <ARC>     15.0000000 </ARC>
 119   133     1 <ARC>    -11.3102464 </ARC>
 120   134     2 <ARC>     11.3102464 </ARC>
 121   134     4 <ARC>     -8.5539178 </ARC>
 122   135     2 <ARC>      8.5539178 </ARC>
 123   135     4 <ARC>     -6.4945107 </ARC>
 124   136     2 <ARC>      6.4945107 </ARC>
 125   136     4 <ARC>     -4.9558126 </ARC>
 126   137     2 <ARC>      4.9558126 </ARC>
 127   137     4 <ARC>     -3.8061653 </ARC>
 128   138     2 <ARC>      3.8061653 </ARC>
 129   138     4 <ARC>     -2.9471996 </ARC>
 130   139     2 <ARC>      2.9471996 </ARC>
 131   144     1 <ARC>     15.0000000 </ARC>
 132   144     3 <ARC>    -11.3099200 </ARC>
 133   145     1 <ARC>     11.3099200 </ARC>
 134   145     3 <ARC>     -8.5536853 </ARC>
 135   146     1 <ARC>      8.5536853 </ARC>
 136   146     3 <ARC>     -6.4943438 </ARC>
 137   147     1 <ARC>      6.4943438 </ARC>
 138   147     3 <ARC>     -4.9556914 </ARC>
 139   148     1 <ARC>      4.9556914 </ARC>
 140   148     3 <ARC>     -3.8060756 </ARC>
 141   149     1 <ARC>      3.8060756 </ARC>
 142   149     3 <ARC>     -2.9471316 </ARC>
 143   150     1 <ARC>      2.9471316 </ARC>
 144    78     4 <ARC>     15.0000000 </ARC>
 145    78     2 <ARC>    -11.3098065 </ARC>
 146    79     1 <ARC>     11.3098065 </ARC>
 147    79     3 <ARC>     -8.5535786 </ARC>
 148    80     1 <ARC>      8.5535786 </ARC>
 149    80     3 <ARC>     -6.4942550 </ARC>
 150    81     1 <ARC>      6.4942550 </ARC>
 151    81     3 <ARC>     -4.9556254 </ARC>
 152    82     1 <ARC>      4.9556254 </ARC>
 153    82     3 <ARC>     -3.8060339 </ARC>
 154    83     1 <ARC>      3.8060339 </ARC>
 155    83     3 <ARC>     -2.9471134 </ARC>
 156    84     1 <ARC>      2.9471134 </ARC>
 157    89     4 <ARC>     15.0000000 </ARC>
 158    89     2 <ARC>    -11.3097853 </ARC>
 159    90     1 <ARC>     11.3097853 </ARC>
 160    90     3 <ARC>     -8.5535849 </ARC>
 161    91     1 <ARC>      8.5535849 </ARC>
 162    91     3 <ARC>     -6.4942758 </ARC>
 163    92     1 <ARC>      6.4942758 </ARC>
 164    92     3 <ARC>     -4.9556527 </ARC>
 165    93     1 <ARC>      4.9556527 </ARC>
 166    93     3 <ARC>     -3.8060626 </ARC>
 167    94     1 <ARC>      3.8060626 </ARC>
 168    94     3 <ARC>     -2.9471406 </ARC>
 169    95     1 <ARC>      2.9471406 </ARC>
 170   100     4 <ARC>     15.0000000 </ARC>
 171   100     2 <ARC>    -11.3103613 </ARC>
 172   101     1 <ARC>     11.3103613 </ARC>
 173   101     3 <ARC>     -8.5540167 </ARC>
 174   102     1 <ARC>      8.5540167 </ARC>
 175   102     3 <ARC>     -6.4945938 </ARC>
 176   103     1 <ARC>      6.4945938 </ARC>
 177   103     3 <ARC>     -4.9558812 </ARC>
 178   104     1 <ARC>      4.9558812 </ARC>
 179   104     3 <ARC>     -3.8062209 </ARC>
 180   105     1 <ARC>      3.8062209 </ARC>
 181   105     3 <ARC>     -2.9472439 </ARC>
 182   106     1 <ARC>      2.9472439 </ARC>
 183    55     4 <ARC>     -1.0000000 </ARC>
 184    55     2 <ARC>      1.1999615 </ARC>
 185    54     4 <ARC>     -1.1999615 </ARC>
 186    54     2 <ARC>      1.4676320 </ARC>
 187    53     4 <ARC>     -1.4676320 </ARC>
 188    53     2 <ARC>      1.8258867 </ARC>
 189    52     4 <ARC>     -1.8258867 </ARC>
 190    52     2 <ARC>      2.3053806 </ARC>
 191    51     4 <ARC>     -2.3053806 </ARC>
 192    51     2 <ARC>      2.9471432 </ARC>
 193    50     4 <ARC>     -2.9471432 </ARC>
 194    50     2 <ARC>      3.8060886 </ARC>
 195    49     4 <ARC>     -3.8060886 </ARC>
 196    66     4 <ARC>     -1.0000000 </ARC>
 197    66     2 <ARC>      1.1999831 </ARC>
 198    65     4 <ARC>     -1.1999831 </ARC>
 199    65     2 <ARC>      1.4676416 </ARC>
 200    64     4 <ARC>     -1.4676416 </ARC>
 201    64     2 <ARC>      1.8258802 </ARC>
 202    63     4 <ARC>     -1.8258802 </ARC>
 203    63     2 <ARC>      2.3053526 </ARC>
 204    62     4 <ARC>     -2.3053526 </ARC>
 205    62     2 <ARC>      2.9470862 </ARC>
 206    61     4 <ARC>     -2.9470862 </ARC>
 207    61     2 <ARC>      3.8059929 </ARC>
 208    60     4 <ARC>     -3.8059929 </ARC>
 209    77     4 <ARC>     -1.0000000 </ARC>
 210    77     2 <ARC>      1.1998632 </ARC>
 211    76     4 <ARC>     -1.1998632 </ARC>
 212    76     2 <ARC>      1.4675394 </ARC>
 213    75     4 <ARC>     -1.4675394 </ARC>
 214    75     2 <ARC>      1.8258017 </ARC>
 215    74     4 <ARC>     -1.8258017 </ARC>
 216    74     2 <ARC>      2.3053057 </ARC>
 217    73     4 <ARC>     -2.3053057 </ARC>
 218    73     2 <ARC>      2.9470816 </ARC>
 219    72     4 <ARC>     -2.9470816 </ARC>
 220    72     2 <ARC>      3.8060450 </ARC>
 221    71     4 <ARC>     -3.8060450 </ARC>
 222    11     4 <ARC>     -1.0000000 </ARC>
 223    11     2 <ARC>      1.2000195 </ARC>
 224    10     3 <ARC>     -1.2000195 </ARC>
 225    10     1 <ARC>      1.4676853 </ARC>
 226     9     3 <ARC>     -1.4676853 </ARC>
 227     9     1 <ARC>      1.8259337 </ARC>
 228     8     3 <ARC>     -1.8259337 </ARC>
 229     8     1 <ARC>      2.3054192 </ARC>
 230     7     3 <ARC>     -2.3054192 </ARC>
 231     7     1 <ARC>      2.9471704 </ARC>
 232     6     3 <ARC>     -2.9471704 </ARC>
 233     6     1 <ARC>      3.8061007 </ARC>
 234     5     3 <ARC>     -3.8061007 </ARC>
 235    22     4 <ARC>     -1.0000000 </ARC>
 236    22     2 <ARC>      1.1999581 </ARC>
 237    21     3 <ARC>     -1.1999581 </ARC>
 238    21     1 <ARC>      1.4676083 </ARC>
 239    20     3 <ARC>     -1.4676083 </ARC>
 240    20     1 <ARC>      1.8258358 </ARC>
 241    19     3 <ARC>     -1.8258358 </ARC>
 242    19     1 <ARC>      2.3052932 </ARC>
 243    18     3 <ARC>     -2.3052932 </ARC>
 244    18     1 <ARC>      2.9470069 </ARC>
 245    17     3 <ARC>     -2.9470069 </ARC>
 246    17     1 <ARC>      3.8058869 </ARC>
 247    16     3 <ARC>     -3.8058869 </ARC>
 248    33     4 <ARC>     -1.0000000 </ARC>
 249    33     2 <ARC>      1.1999773 </ARC>
 250    32     3 <ARC>     -1.1999773 </ARC>
 251    32     1 <ARC>      1.4676213 </ARC>
 252    31     3 <ARC>     -1.4676213 </ARC>
 253    31     1 <ARC>      1.8258404 </ARC>
 254    30     3 <ARC>     -1.8258404 </ARC>
 255    30     1 <ARC>      2.3052866 </ARC>
 256    29     3 <ARC>     -2.3052866 </ARC>
 257    29     1 <ARC>      2.9469852 </ARC>
 258    28     3 <ARC>     -2.9469852 </ARC>
 259    28     1 <ARC>      3.8058451 </ARC>
 260    27     3 <ARC>     -3.8058451 </ARC>
 261    44     4 <ARC>     -1.0000000 </ARC>
 262    44     2 <ARC>      1.1999746 </ARC>
 263    43     3 <ARC>     -1.1999746 </ARC>
 264    43     1 <ARC>      1.4676355 </ARC>
 265    42     3 <ARC>     -1.4676355 </ARC>
 266    42     1 <ARC>      1.8258770 </ARC>
 267    41     3 <ARC>     -1.8258770 </ARC>
 268    41     1 <ARC>      2.3053534 </ARC>
 269    40     3 <ARC>     -2.3053534 </ARC>
 270    40     1 <ARC>      2.9470923 </ARC>
 271    39     3 <ARC>     -2.9470923 </ARC>
 272    39     1 <ARC>      3.8060060 </ARC>
 273    38     3 <ARC>     -3.8060060 </ARC>
 274   121     4 <ARC>     -1.0000000 </ARC>
 275   121     2 <ARC>      1.1997317 </ARC>
 276   120     4 <ARC>     -1.1997317 </ARC>
 277   120     2 <ARC>      1.4674158 </ARC>
 278   119     4 <ARC>     -1.4674158 </ARC>
 279   119     2 <ARC>      1.8256882 </ARC>
 280   118     4 <ARC>     -1.8256882 </ARC>
 281   118     2 <ARC>      2.3052053 </ARC>
 282   117     4 <ARC>     -2.3052053 </ARC>
 283   117     2 <ARC>      2.9469980 </ARC>
 284   116     4 <ARC>     -2.9469980 </ARC>
 285   116     2 <ARC>      3.8059828 </ARC>
 286   115     4 <ARC>     -3.8059828 </ARC>
 287   132     4 <ARC>     -1.0000000 </ARC>
 288   132     2 <ARC>      1.1999429 </ARC>
 289   131     4 <ARC>     -1.1999429 </ARC>
 290   131     2 <ARC>      1.4676268 </ARC>
 291   130     4 <ARC>     -1.4676268 </ARC>
 292   130     2 <ARC>      1.8258980 </ARC>
 293   129     4 <ARC>     -1.8258980 </ARC>
 294   129     2 <ARC>      2.3054126 </ARC>
 295   128     4 <ARC>     -2.3054126 </ARC>
 296   128     2 <ARC>      2.9472004 </ARC>
 297   127     4 <ARC>     -2.9472004 </ARC>
 298   127     2 <ARC>      3.8061769 </ARC>
 299   126     4 <ARC>     -3.8061769 </ARC>
 300   143     4 <ARC>     -1.0000000 </ARC>
 301   143     2 <ARC>      1.1999557 </ARC>
 302   142     4 <ARC>     -1.1999557 </ARC>
 303   142     2 <ARC>      1.4676386 </ARC>
 304   141     4 <ARC>     -1.4676386 </ARC>
 305   141     2 <ARC>      1.8259077 </ARC>
 306   140     4 <ARC>     -1.8259077 </ARC>
 307   140     2 <ARC>      2.3054184 </ARC>
 308   139     4 <ARC>     -2.3054184 </ARC>
 309   139     2 <ARC>      2.9471996 </ARC>
 310   138     4 <ARC>     -2.9471996 </ARC>
 311   138     2 <ARC>      3.8061653 </ARC>
 312   137     4 <ARC>     -3.8061653 </ARC>
 313   154     3 <ARC>     -1.0000000 </ARC>
 314   154     1 <ARC>      1.1999236 </ARC>
 315   153     3 <ARC>     -1.1999236 </ARC>
 316   153     1 <ARC>      1.4676021 </ARC>
 317   152     3 <ARC>     -1.4676021 </ARC>
 318   152     1 <ARC>      1.8258646 </ARC>
 319   151     3 <ARC>     -1.8258646 </ARC>
 320   151     1 <ARC>      2.3053652 </ARC>
 321   150     3 <ARC>     -2.3053652 </ARC>
 322   150     1 <ARC>      2.9471316 </ARC>
 323   149     3 <ARC>     -2.9471316 </ARC>
 324   149     1 <ARC>      3.8060756 </ARC>
 325   148     3 <ARC>     -3.8060756 </ARC>
 326    88     4 <ARC>     -1.0000000 </ARC>
 327    88     2 <ARC>      1.1999761 </ARC>
 328    87     3 <ARC>     -1.1999761 </ARC>
 329    87     1 <ARC>      1.4676407 </ARC>
 330    86     3 <ARC>     -1.4676407 </ARC>
 331    86     1 <ARC>      1.8258868 </ARC>
 332    85     3 <ARC>     -1.8258868 </ARC>
 333    85     1 <ARC>      2.3053684 </ARC>
 334    84     3 <ARC>     -2.3053684 </ARC>
 335    84     1 <ARC>      2.9471134 </ARC>
 336    83     3 <ARC>     -2.9471134 </ARC>
 337    83     1 <ARC>      3.8060339 </ARC>
 338    82     3 <ARC>     -3.8060339 </ARC>
 339    99     4 <ARC>     -1.0000000 </ARC>
 340    99     2 <ARC>      1.1999895 </ARC>
 341    98     3 <ARC>     -1.1999895 </ARC>
 342    98     1 <ARC>      1.4676577 </ARC>
 343    97     3 <ARC>     -1.4676577 </ARC>
 344    97     1 <ARC>      1.8259075 </ARC>
 345    96     3 <ARC>     -1.8259075 </ARC>
 346    96     1 <ARC>      2.3053927 </ARC>
 347    95     3 <ARC>     -2.3053927 </ARC>
 348    95     1 <ARC>      2.9471406 </ARC>
 349    94     3 <ARC>     -2.9471406 </ARC>
 350    94     1 <ARC>      3.8060626 </ARC>
 351    93     3 <ARC>     -3.8060626 </ARC>
 352   110     4 <ARC>     -1.0000000 </ARC>
 353   110     2 <ARC>      1.1999700 </ARC>
 354   109     3 <ARC>     -1.1999700 </ARC>
 355   109     1 <ARC>      1.4676584 </ARC>
 356   108     3 <ARC>     -1.4676584 </ARC>
 357   108     1 <ARC>      1.8259343 </ARC>
 358   107     3 <ARC>     -1.8259343 </ARC>
 359   107     1 <ARC>      2.3054530 </ARC>
 360   106     3 <ARC>     -2.3054530 </ARC>
 361   106     1 <ARC>      2.9472439 </ARC>
 362   105     3 <ARC>     -2.9472439 </ARC>
 363   105     1 <ARC>      3.8062209 </ARC>
 364   104     3 <ARC>     -3.8062209 </ARC>
</CURVES>
