<FIELDS>
    u    v    p
</FIELDS>

<TOKENS>
KINVIS      = 0.01
D_T         = 0.01
N_STEP      = 100
CYLINDRICAL = 1
CHECKPOINT  = 1
N_TIME      = 2
N_P         = 9
N_Z         = 1
IO_CFL      = 20
IO_FLD      = N_STEP
</TOKENS>

<USER>
    u = 0.0
    v = 0.0
    p = 0.0
</USER>

<GROUPS NUMBER=1>
   1       W            wall
</GROUPS>

<BCS NUMBER=1>    
   1   W    3
    <D> u = 0.0     </D>
    <D> v = 0.0     </D>
    <H> p = 0.0     </H>
</BCS>

<NODES NUMBER=169>
     1 -7.7635318e-01 -6.3029814e-01 0.000000
     2 -7.6306764e-01 -6.1804522e-01 0.000000
     3 -9.5101879e-01 -3.0834210e-01 0.000000
     4 -9.3265436e-01 -3.0194923e-01 0.000000
     5 -7.4579645e-01 -6.0211642e-01 0.000000
     6 -9.0878061e-01 -2.9363851e-01 0.000000
     7 -7.2334389e-01 -5.8140899e-01 0.000000
     8 -8.7774473e-01 -2.8283457e-01 0.000000
     9 -6.9415557e-01 -5.5448932e-01 0.000000
    10 -8.3739808e-01 -2.6878944e-01 0.000000
    11 -6.5621075e-01 -5.1949376e-01 0.000000
    12 -7.8494745e-01 -2.5053078e-01 0.000000
    13 -6.0688249e-01 -4.7399953e-01 0.000000
    14 -7.1676162e-01 -2.2679453e-01 0.000000
    15 -5.4275576e-01 -4.1485703e-01 0.000000
    16 -6.2812005e-01 -1.9593739e-01 0.000000
    17 -4.5939100e-01 -3.3797179e-01 0.000000
    18 -5.1288601e-01 -1.5582312e-01 0.000000
    19 -3.5101700e-01 -2.3802114e-01 0.000000
    20 -3.6308201e-01 -1.0367465e-01 0.000000
    21 -9.9831204e-01  5.4875496e-02 0.000000
    22 -9.7871746e-01  5.4264891e-02 0.000000
    23 -9.5324452e-01  5.3471105e-02 0.000000
    24 -9.2012969e-01  5.2439182e-02 0.000000
    25 -8.7708041e-01  5.1097683e-02 0.000000
    26 -8.2111635e-01  4.9353733e-02 0.000000
    27 -7.4836307e-01  4.7086600e-02 0.000000
    28 -6.5378381e-01  4.4139326e-02 0.000000
    29 -5.3083078e-01  4.0307870e-02 0.000000
    30 -3.7099209e-01  3.5326985e-02 0.000000
    31 -9.1165350e-01  4.1076065e-01 0.000000
    32 -8.9404439e-01  4.0332234e-01 0.000000
    33 -8.7115254e-01  3.9365254e-01 0.000000
    34 -8.4139314e-01  3.8108179e-01 0.000000
    35 -8.0270591e-01  3.6473983e-01 0.000000
    36 -7.5241253e-01  3.4349528e-01 0.000000
    37 -6.8703112e-01  3.1587736e-01 0.000000
    38 -6.0203530e-01  2.7997407e-01 0.000000
    39 -4.9154073e-01  2.3329979e-01 0.000000
    40 -3.4789803e-01  1.7262333e-01 0.000000
    41 -7.0251428e-01  7.1146749e-01 0.000000
    42 -6.9060203e-01  6.9876573e-01 0.000000
    43 -6.7511610e-01  6.8225343e-01 0.000000
    44 -6.5498440e-01  6.6078744e-01 0.000000
    45 -6.2881319e-01  6.3288165e-01 0.000000
    46 -5.9479061e-01  5.9660413e-01 0.000000
    47 -5.5056126e-01  5.4944336e-01 0.000000
    48 -4.9306311e-01  4.8813435e-01 0.000000
    49 -4.1831552e-01  4.0843264e-01 0.000000
    50 -3.2114381e-01  3.0482060e-01 0.000000
    51 -4.4146558e-01 -8.9694101e-01 0.000000
    52 -4.3347032e-01 -8.7739782e-01 0.000000
    53 -4.2307648e-01 -8.5199167e-01 0.000000
    54 -4.0956450e-01 -8.1896367e-01 0.000000
    55 -3.9199892e-01 -7.7602728e-01 0.000000
    56 -3.6916367e-01 -7.2020997e-01 0.000000
    57 -3.3947784e-01 -6.4764747e-01 0.000000
    58 -3.0088626e-01 -5.5331622e-01 0.000000
    59 -2.5071722e-01 -4.3068559e-01 0.000000
    60 -1.8549756e-01 -2.7126605e-01 0.000000
    61 -2.5839038e-02 -9.9942376e-01 0.000000
    62 -2.5383382e-02 -9.7755074e-01 0.000000
    63 -2.4791029e-02 -9.4911581e-01 0.000000
    64 -2.4020970e-02 -9.1215041e-01 0.000000
    65 -2.3019894e-02 -8.6409538e-01 0.000000
    66 -2.1718495e-02 -8.0162385e-01 0.000000
    67 -2.0026675e-02 -7.2041087e-01 0.000000
    68 -1.7827310e-02 -6.1483399e-01 0.000000
    69 -1.4968136e-02 -4.7758404e-01 0.000000
    70 -1.1251216e-02 -2.9915941e-01 0.000000
    71  3.9452758e-01 -9.1855324e-01 0.000000
    72  3.8733332e-01 -8.9861737e-01 0.000000
    73  3.7798079e-01 -8.7270075e-01 0.000000
    74  3.6582250e-01 -8.3900914e-01 0.000000
    75  3.5001673e-01 -7.9521005e-01 0.000000
    76  3.2946922e-01 -7.3827124e-01 0.000000
    77  3.0275746e-01 -6.6425078e-01 0.000000
    78  2.6803218e-01 -5.6802419e-01 0.000000
    79  2.2288931e-01 -4.4292962e-01 0.000000
    80  1.6420368e-01 -2.8030695e-01 0.000000
    81  7.4274683e-01 -6.6957236e-01 0.000000
    82  7.2989264e-01 -6.5664363e-01 0.000000
    83  7.1318218e-01 -6.3983629e-01 0.000000
    84  6.9145859e-01 -6.1798674e-01 0.000000
    85  6.6321791e-01 -5.8958233e-01 0.000000
    86  6.2650504e-01 -5.5265660e-01 0.000000
    87  5.7877831e-01 -5.0465315e-01 0.000000
    88  5.1673356e-01 -4.4224866e-01 0.000000
    89  4.3607539e-01 -3.6112283e-01 0.000000
    90  3.3121994e-01 -2.5565943e-01 0.000000
    91 -1.8988906e-01 -1.2321972e-01 0.000000
    92 -1.9212376e-01  3.0027819e-02 0.000000
    93 -1.7890880e-01  1.8182805e-01 0.000000
    94 -1.6393732e-01  3.2804932e-01 0.000000
    95 -8.0680430e-03 -1.3995967e-01 0.000000
    96 -4.8640090e-03  2.4918979e-02 0.000000
    97 -2.4089055e-03  1.8861889e-01 0.000000
    98 -1.2322097e-04  3.4633171e-01 0.000000
    99  1.7457631e-01 -1.3118319e-01 0.000000
   100  1.8281876e-01  2.3397609e-02 0.000000
   101  1.7411366e-01  1.7706840e-01 0.000000
   102  1.6332826e-01  3.2504455e-01 0.000000
   103  3.4879153e-01 -1.1920564e-01 0.000000
   104  3.6221300e-01  2.2382356e-02 0.000000
   105  3.4313217e-01  1.6331851e-01 0.000000
   106  3.2008910e-01  2.9895034e-01 0.000000
   107 -3.7549567e-01  9.2664259e-01 0.000000
   108 -3.6888756e-01  9.0794530e-01 0.000000
   109 -3.6029703e-01  8.8363883e-01 0.000000
   110 -3.4912933e-01  8.5204042e-01 0.000000
   111 -3.3461132e-01  8.1096248e-01 0.000000
   112 -3.1573792e-01  7.5756117e-01 0.000000
   113 -2.9120249e-01  6.8813946e-01 0.000000
   114 -2.5930644e-01  5.9789124e-01 0.000000
   115 -2.1784157e-01  4.8056856e-01 0.000000
   116  9.0687296e-03  9.9979776e-01 0.000000
   117  8.7816156e-03  9.7938650e-01 0.000000
   118  8.4083673e-03  9.5285186e-01 0.000000
   119  7.9231446e-03  9.1835684e-01 0.000000
   120  7.2923551e-03  8.7351330e-01 0.000000
   121  6.4723288e-03  8.1521671e-01 0.000000
   122  5.4062945e-03  7.3943115e-01 0.000000
   123  4.0204501e-03  6.4090992e-01 0.000000
   124  2.2188523e-03  5.1283232e-01 0.000000
   125  3.9221330e-01  9.1953690e-01 0.000000
   126  3.8506399e-01  9.0096771e-01 0.000000
   127  3.7576989e-01  8.7682776e-01 0.000000
   128  3.6368755e-01  8.4544582e-01 0.000000
   129  3.4798052e-01  8.0464931e-01 0.000000
   130  3.2756138e-01  7.5161384e-01 0.000000
   131  3.0101649e-01  6.8266774e-01 0.000000
   132  2.6650814e-01  5.9303780e-01 0.000000
   133  2.2164728e-01  4.7651889e-01 0.000000
   134  7.1529053e-01  6.9848804e-01 0.000000
   135  7.0294627e-01  6.8600833e-01 0.000000
   136  6.8689872e-01  6.6978471e-01 0.000000
   137  6.6603691e-01  6.4869400e-01 0.000000
   138  6.3891656e-01  6.2127607e-01 0.000000
   139  6.0366011e-01  5.8563278e-01 0.000000
   140  5.5782672e-01  5.3929649e-01 0.000000
   141  4.9824331e-01  4.7905932e-01 0.000000
   142  4.2078489e-01  4.0075100e-01 0.000000
   143  9.3671525e-01 -3.4925100e-01 0.000000
   144  9.1835123e-01 -3.4206544e-01 0.000000
   145  8.9447801e-01 -3.3272422e-01 0.000000
   146  8.6344282e-01 -3.2058064e-01 0.000000
   147  8.2309707e-01 -3.0479398e-01 0.000000
   148  7.7064760e-01 -2.8427132e-01 0.000000
   149  7.0246329e-01 -2.5759187e-01 0.000000
   150  6.1382369e-01 -2.2290858e-01 0.000000
   151  4.9859221e-01 -1.7782030e-01 0.000000
   152  9.9955596e-01  1.9910979e-02 0.000000
   153  9.7964831e-01  1.9988173e-02 0.000000
   154  9.5376837e-01  2.0088526e-02 0.000000
   155  9.2012445e-01  2.0218985e-02 0.000000
   156  8.7638735e-01  2.0388581e-02 0.000000
   157  8.1952912e-01  2.0609055e-02 0.000000
   158  7.4561343e-01  2.0895673e-02 0.000000
   159  6.4952302e-01  2.1268275e-02 0.000000
   160  5.2460551e-01  2.1752658e-02 0.000000
   161  9.2206016e-01  3.8627681e-01 0.000000
   162  9.0397712e-01  3.7931262e-01 0.000000
   163  8.8046918e-01  3.7025918e-01 0.000000
   164  8.4990885e-01  3.5848970e-01 0.000000
   165  8.1018043e-01  3.4318939e-01 0.000000
   166  7.5853348e-01  3.2329897e-01 0.000000
   167  6.9139245e-01  2.9744144e-01 0.000000
   168  6.0410911e-01  2.6382665e-01 0.000000
   169  4.9064077e-01  2.2012742e-01 0.000000
</NODES>

<ELEMENTS NUMBER=160>
     1 <Q>    1   2   4   3 </Q>
     2 <Q>    4   2   5   6 </Q>
     3 <Q>    6   5   7   8 </Q>
     4 <Q>    8   7   9  10 </Q>
     5 <Q>   10   9  11  12 </Q>
     6 <Q>   12  11  13  14 </Q>
     7 <Q>   14  13  15  16 </Q>
     8 <Q>   16  15  17  18 </Q>
     9 <Q>   18  17  19  20 </Q>
    10 <Q>    3   4  22  21 </Q>
    11 <Q>   22   4   6  23 </Q>
    12 <Q>   23   6   8  24 </Q>
    13 <Q>   24   8  10  25 </Q>
    14 <Q>   25  10  12  26 </Q>
    15 <Q>   26  12  14  27 </Q>
    16 <Q>   27  14  16  28 </Q>
    17 <Q>   28  16  18  29 </Q>
    18 <Q>   29  18  20  30 </Q>
    19 <Q>   21  22  32  31 </Q>
    20 <Q>   32  22  23  33 </Q>
    21 <Q>   33  23  24  34 </Q>
    22 <Q>   34  24  25  35 </Q>
    23 <Q>   35  25  26  36 </Q>
    24 <Q>   36  26  27  37 </Q>
    25 <Q>   37  27  28  38 </Q>
    26 <Q>   38  28  29  39 </Q>
    27 <Q>   39  29  30  40 </Q>
    28 <Q>   31  32  42  41 </Q>
    29 <Q>   42  32  33  43 </Q>
    30 <Q>   43  33  34  44 </Q>
    31 <Q>   44  34  35  45 </Q>
    32 <Q>   45  35  36  46 </Q>
    33 <Q>   46  36  37  47 </Q>
    34 <Q>   47  37  38  48 </Q>
    35 <Q>   48  38  39  49 </Q>
    36 <Q>   49  39  40  50 </Q>
    37 <Q>   52   2   1  51 </Q>
    38 <Q>    5   2  52  53 </Q>
    39 <Q>    7   5  53  54 </Q>
    40 <Q>    9   7  54  55 </Q>
    41 <Q>   11   9  55  56 </Q>
    42 <Q>   13  11  56  57 </Q>
    43 <Q>   15  13  57  58 </Q>
    44 <Q>   17  15  58  59 </Q>
    45 <Q>   19  17  59  60 </Q>
    46 <Q>   62  52  51  61 </Q>
    47 <Q>   53  52  62  63 </Q>
    48 <Q>   54  53  63  64 </Q>
    49 <Q>   55  54  64  65 </Q>
    50 <Q>   56  55  65  66 </Q>
    51 <Q>   57  56  66  67 </Q>
    52 <Q>   58  57  67  68 </Q>
    53 <Q>   59  58  68  69 </Q>
    54 <Q>   60  59  69  70 </Q>
    55 <Q>   72  62  61  71 </Q>
    56 <Q>   63  62  72  73 </Q>
    57 <Q>   64  63  73  74 </Q>
    58 <Q>   65  64  74  75 </Q>
    59 <Q>   66  65  75  76 </Q>
    60 <Q>   67  66  76  77 </Q>
    61 <Q>   68  67  77  78 </Q>
    62 <Q>   69  68  78  79 </Q>
    63 <Q>   70  69  79  80 </Q>
    64 <Q>   82  72  71  81 </Q>
    65 <Q>   73  72  82  83 </Q>
    66 <Q>   74  73  83  84 </Q>
    67 <Q>   75  74  84  85 </Q>
    68 <Q>   76  75  85  86 </Q>
    69 <Q>   77  76  86  87 </Q>
    70 <Q>   78  77  87  88 </Q>
    71 <Q>   79  78  88  89 </Q>
    72 <Q>   80  79  89  90 </Q>
    73 <Q>   20  19  60  91 </Q>
    74 <Q>   30  20  91  92 </Q>
    75 <Q>   40  30  92  93 </Q>
    76 <Q>   50  40  93  94 </Q>
    77 <Q>   91  60  70  95 </Q>
    78 <Q>   92  91  95  96 </Q>
    79 <Q>   93  92  96  97 </Q>
    80 <Q>   94  93  97  98 </Q>
    81 <Q>   95  70  80  99 </Q>
    82 <Q>   96  95  99 100 </Q>
    83 <Q>   97  96 100 101 </Q>
    84 <Q>   98  97 101 102 </Q>
    85 <Q>   99  80  90 103 </Q>
    86 <Q>  100  99 103 104 </Q>
    87 <Q>  101 100 104 105 </Q>
    88 <Q>  102 101 105 106 </Q>
    89 <Q>   41  42 108 107 </Q>
    90 <Q>  108  42  43 109 </Q>
    91 <Q>  109  43  44 110 </Q>
    92 <Q>  110  44  45 111 </Q>
    93 <Q>  111  45  46 112 </Q>
    94 <Q>  112  46  47 113 </Q>
    95 <Q>  113  47  48 114 </Q>
    96 <Q>  114  48  49 115 </Q>
    97 <Q>  115  49  50  94 </Q>
    98 <Q>  107 108 117 116 </Q>
    99 <Q>  117 108 109 118 </Q>
   100 <Q>  118 109 110 119 </Q>
   101 <Q>  119 110 111 120 </Q>
   102 <Q>  120 111 112 121 </Q>
   103 <Q>  121 112 113 122 </Q>
   104 <Q>  122 113 114 123 </Q>
   105 <Q>  123 114 115 124 </Q>
   106 <Q>  124 115  94  98 </Q>
   107 <Q>  116 117 126 125 </Q>
   108 <Q>  126 117 118 127 </Q>
   109 <Q>  127 118 119 128 </Q>
   110 <Q>  128 119 120 129 </Q>
   111 <Q>  129 120 121 130 </Q>
   112 <Q>  130 121 122 131 </Q>
   113 <Q>  131 122 123 132 </Q>
   114 <Q>  132 123 124 133 </Q>
   115 <Q>  133 124  98 102 </Q>
   116 <Q>  125 126 135 134 </Q>
   117 <Q>  135 126 127 136 </Q>
   118 <Q>  136 127 128 137 </Q>
   119 <Q>  137 128 129 138 </Q>
   120 <Q>  138 129 130 139 </Q>
   121 <Q>  139 130 131 140 </Q>
   122 <Q>  140 131 132 141 </Q>
   123 <Q>  141 132 133 142 </Q>
   124 <Q>  142 133 102 106 </Q>
   125 <Q>  144  82  81 143 </Q>
   126 <Q>   83  82 144 145 </Q>
   127 <Q>   84  83 145 146 </Q>
   128 <Q>   85  84 146 147 </Q>
   129 <Q>   86  85 147 148 </Q>
   130 <Q>   87  86 148 149 </Q>
   131 <Q>   88  87 149 150 </Q>
   132 <Q>   89  88 150 151 </Q>
   133 <Q>  103  90  89 151 </Q>
   134 <Q>  153 144 143 152 </Q>
   135 <Q>  145 144 153 154 </Q>
   136 <Q>  146 145 154 155 </Q>
   137 <Q>  147 146 155 156 </Q>
   138 <Q>  148 147 156 157 </Q>
   139 <Q>  149 148 157 158 </Q>
   140 <Q>  150 149 158 159 </Q>
   141 <Q>  151 150 159 160 </Q>
   142 <Q>  104 103 151 160 </Q>
   143 <Q>  162 153 152 161 </Q>
   144 <Q>  154 153 162 163 </Q>
   145 <Q>  155 154 163 164 </Q>
   146 <Q>  156 155 164 165 </Q>
   147 <Q>  157 156 165 166 </Q>
   148 <Q>  158 157 166 167 </Q>
   149 <Q>  159 158 167 168 </Q>
   150 <Q>  160 159 168 169 </Q>
   151 <Q>  105 104 160 169 </Q>
   152 <Q>  161 134 135 162 </Q>
   153 <Q>  162 135 136 163 </Q>
   154 <Q>  163 136 137 164 </Q>
   155 <Q>  164 137 138 165 </Q>
   156 <Q>  165 138 139 166 </Q>
   157 <Q>  166 139 140 167 </Q>
   158 <Q>  167 140 141 168 </Q>
   159 <Q>  168 141 142 169 </Q>
   160 <Q>  142 106 105 169 </Q>
</ELEMENTS>

<SURFACES NUMBER=16>
   1  19   4 <B> W </B>
   2 107   4 <B> W </B>
   3  28   4 <B> W </B>
   4 116   4 <B> W </B>
   5  64   3 <B> W </B>
   6 143   3 <B> W </B>
   7 134   3 <B> W </B>
   8   1   4 <B> W </B>
   9  89   4 <B> W </B>
  10  55   3 <B> W </B>
  11  46   3 <B> W </B>
  12  37   3 <B> W </B>
  13 125   3 <B> W </B>
  14  10   4 <B> W </B>
  15  98   4 <B> W </B>
  16 152   1 <B> W </B>
</SURFACES>

<CURVES NUMBER=144>
   1    37     3 <ARC>      1.0000000 </ARC>
   2    37     1 <ARC>     -0.9802984 </ARC>
   3    38     2 <ARC>      0.9802984 </ARC>
   4    38     4 <ARC>     -0.9548858 </ARC>
   5    39     2 <ARC>      0.9548858 </ARC>
   6    39     4 <ARC>     -0.9218543 </ARC>
   7    40     2 <ARC>      0.9218543 </ARC>
   8    40     4 <ARC>     -0.8789229 </ARC>
   9    41     2 <ARC>      0.8789229 </ARC>
  10    46     3 <ARC>      1.0000000 </ARC>
  11    46     1 <ARC>     -0.9782568 </ARC>
  12    47     2 <ARC>      0.9782568 </ARC>
  13    47     4 <ARC>     -0.9503466 </ARC>
  14    48     2 <ARC>      0.9503466 </ARC>
  15    48     4 <ARC>     -0.9140664 </ARC>
  16    49     2 <ARC>      0.9140664 </ARC>
  17    49     4 <ARC>     -0.8669082 </ARC>
  18    50     2 <ARC>      0.8669082 </ARC>
  19    55     3 <ARC>      1.0000000 </ARC>
  20    55     1 <ARC>     -0.9782101 </ARC>
  21    56     2 <ARC>      0.9782101 </ARC>
  22    56     4 <ARC>     -0.9502395 </ARC>
  23    57     2 <ARC>      0.9502395 </ARC>
  24    57     4 <ARC>     -0.9138801 </ARC>
  25    58     2 <ARC>      0.9138801 </ARC>
  26    58     4 <ARC>     -0.8666175 </ARC>
  27    59     2 <ARC>      0.8666175 </ARC>
  28    64     3 <ARC>      1.0000000 </ARC>
  29    64     1 <ARC>     -0.9801681 </ARC>
  30    65     2 <ARC>      0.9801681 </ARC>
  31    65     4 <ARC>     -0.9545864 </ARC>
  32    66     2 <ARC>      0.9545864 </ARC>
  33    66     4 <ARC>     -0.9213338 </ARC>
  34    67     2 <ARC>      0.9213338 </ARC>
  35    67     4 <ARC>     -0.8781127 </ARC>
  36    68     2 <ARC>      0.8781127 </ARC>
  37     1     4 <ARC>      1.0000000 </ARC>
  38     1     2 <ARC>     -0.9811392 </ARC>
  39     2     1 <ARC>      0.9811392 </ARC>
  40     2     3 <ARC>     -0.9567801 </ARC>
  41     3     1 <ARC>      0.9567801 </ARC>
  42     3     3 <ARC>     -0.9251154 </ARC>
  43     4     1 <ARC>      0.9251154 </ARC>
  44     4     3 <ARC>     -0.8839552 </ARC>
  45     5     1 <ARC>      0.8839552 </ARC>
  46    10     4 <ARC>      1.0000000 </ARC>
  47    10     2 <ARC>     -0.9802678 </ARC>
  48    11     1 <ARC>      0.9802678 </ARC>
  49    11     3 <ARC>     -0.9548927 </ARC>
  50    12     1 <ARC>      0.9548927 </ARC>
  51    12     3 <ARC>     -0.9219055 </ARC>
  52    13     1 <ARC>      0.9219055 </ARC>
  53    13     3 <ARC>     -0.8790233 </ARC>
  54    14     1 <ARC>      0.8790233 </ARC>
  55    19     4 <ARC>      1.0000000 </ARC>
  56    19     2 <ARC>     -0.9805143 </ARC>
  57    20     1 <ARC>      0.9805143 </ARC>
  58    20     3 <ARC>     -0.9553540 </ARC>
  59    21     1 <ARC>      0.9553540 </ARC>
  60    21     3 <ARC>     -0.9226462 </ARC>
  61    22     1 <ARC>      0.9226462 </ARC>
  62    22     3 <ARC>     -0.8801273 </ARC>
  63    23     1 <ARC>      0.8801273 </ARC>
  64    28     4 <ARC>      1.0000000 </ARC>
  65    28     2 <ARC>     -0.9816281 </ARC>
  66    29     1 <ARC>      0.9816281 </ARC>
  67    29     3 <ARC>     -0.9578917 </ARC>
  68    30     1 <ARC>      0.9578917 </ARC>
  69    30     3 <ARC>     -0.9270350 </ARC>
  70    31     1 <ARC>      0.9270350 </ARC>
  71    31     3 <ARC>     -0.8869223 </ARC>
  72    32     1 <ARC>      0.8869223 </ARC>
  73   125     3 <ARC>      1.0000000 </ARC>
  74   125     1 <ARC>     -0.9808925 </ARC>
  75   126     2 <ARC>      0.9808925 </ARC>
  76   126     4 <ARC>     -0.9562449 </ARC>
  77   127     2 <ARC>      0.9562449 </ARC>
  78   127     4 <ARC>     -0.9242045 </ARC>
  79   128     2 <ARC>      0.9242045 </ARC>
  80   128     4 <ARC>     -0.8825550 </ARC>
  81   129     2 <ARC>      0.8825550 </ARC>
  82   134     3 <ARC>      1.0000000 </ARC>
  83   134     1 <ARC>     -0.9799204 </ARC>
  84   135     2 <ARC>      0.9799204 </ARC>
  85   135     4 <ARC>     -0.9541682 </ARC>
  86   136     2 <ARC>      0.9541682 </ARC>
  87   136     4 <ARC>     -0.9206908 </ARC>
  88   137     2 <ARC>      0.9206908 </ARC>
  89   137     4 <ARC>     -0.8771710 </ARC>
  90   138     2 <ARC>      0.8771710 </ARC>
  91   143     3 <ARC>      1.0000000 </ARC>
  92   143     1 <ARC>     -0.9800926 </ARC>
  93   144     2 <ARC>      0.9800926 </ARC>
  94   144     4 <ARC>     -0.9545666 </ARC>
  95   145     2 <ARC>      0.9545666 </ARC>
  96   145     4 <ARC>     -0.9213836 </ARC>
  97   146     2 <ARC>      0.9213836 </ARC>
  98   146     4 <ARC>     -0.8782473 </ARC>
  99   147     2 <ARC>      0.8782473 </ARC>
 100   152     1 <ARC>      1.0000000 </ARC>
 101   152     3 <ARC>     -0.9812726 </ARC>
 102   153     1 <ARC>      0.9812726 </ARC>
 103   153     3 <ARC>     -0.9572748 </ARC>
 104   154     1 <ARC>      0.9572748 </ARC>
 105   154     3 <ARC>     -0.9260784 </ARC>
 106   155     1 <ARC>      0.9260784 </ARC>
 107   155     3 <ARC>     -0.8855240 </ARC>
 108   156     1 <ARC>      0.8855240 </ARC>
 109    89     4 <ARC>      1.0000000 </ARC>
 110    89     2 <ARC>     -0.9812351 </ARC>
 111    90     1 <ARC>      0.9812351 </ARC>
 112    90     3 <ARC>     -0.9570443 </ARC>
 113    91     1 <ARC>      0.9570443 </ARC>
 114    91     3 <ARC>     -0.9255978 </ARC>
 115    92     1 <ARC>      0.9255978 </ARC>
 116    92     3 <ARC>     -0.8847201 </ARC>
 117    93     1 <ARC>      0.8847201 </ARC>
 118    98     4 <ARC>      1.0000000 </ARC>
 119    98     2 <ARC>     -0.9797238 </ARC>
 120    99     1 <ARC>      0.9797238 </ARC>
 121    99     3 <ARC>     -0.9535796 </ARC>
 122   100     1 <ARC>      0.9535796 </ARC>
 123   100     3 <ARC>     -0.9195932 </ARC>
 124   101     1 <ARC>      0.9195932 </ARC>
 125   101     3 <ARC>     -0.8754132 </ARC>
 126   102     1 <ARC>      0.8754132 </ARC>
 127   107     4 <ARC>      1.0000000 </ARC>
 128   107     2 <ARC>     -0.9796152 </ARC>
 129   108     1 <ARC>      0.9796152 </ARC>
 130   108     3 <ARC>     -0.9534219 </ARC>
 131   109     1 <ARC>      0.9534219 </ARC>
 132   109     3 <ARC>     -0.9193714 </ARC>
 133   110     1 <ARC>      0.9193714 </ARC>
 134   110     3 <ARC>     -0.8751071 </ARC>
 135   111     1 <ARC>      0.8751071 </ARC>
 136   116     4 <ARC>      1.0000000 </ARC>
 137   116     2 <ARC>     -0.9810084 </ARC>
 138   117     1 <ARC>      0.9810084 </ARC>
 139   117     3 <ARC>     -0.9566756 </ARC>
 140   118     1 <ARC>      0.9566756 </ARC>
 141   118     3 <ARC>     -0.9250439 </ARC>
 142   119     1 <ARC>      0.9250439 </ARC>
 143   119     3 <ARC>     -0.8839242 </ARC>
 144   120     1 <ARC>      0.8839242 </ARC>
</CURVES>
